750
77 80
143
140
913 916
67 68
721 722
229
39
164 166
277
311 319
11 13
736 738
294
423 425
896
236
271 272
35
40
605
287
298 305
283
546 548
693
584 586
995
634 635
803
549 553
15
380
359
137
531
933 935
630
781
809 811
942 944
970
47 48
906
600 601
32 33
133
276
64
28 31
844
940
273
36
728
659
224 225
962 966
946 947
168
590 591
503
490
914
900
334
310
984
498
259
436
439 444
237 238
729
416 418
683
51
145 147
787
713
179
502 504
612
445 446
819 825
696 697
880 882
538 543
535 536
92 94
918
974 975
279
421
167
597
303
456 459
730
865
290 291
960
746
524 525
30
786
452
978 980
625 626
568
511 512
333
881
181 183
379
573 574
464
312
349
394
939
778
469
794 795
856
307 308
866
202
14
424
242
148 151
84
234
18
284
739
434
107
26
692
376 377
651
750 751
419 420
392
828
440
495 496
197
321
993
889
758
614
123
95 96
855
37 38
184 186
853
506
318
823
743
203
93
971
467 470
71
788
239 243
408 409
247 249
619 620
897
211
81 83
649
521
709
335
135 138
682 684
843
610 613
688
505
22
341
827
387 389
484
598
219 222
331 332
515
60 62
91
899 902
965
908
178
789 790
256
110
837
791
804
569 572
25
485 488
537
817 818
209
874 877
214
972
99
139 144
85 86
577
640
100 102
655
487
957 958
611
449
760 761
805
871
360 364
329
895 898
385 386
398
861
663 665
744
951
890
507
763 764
793
10
876
435 438
90
477 479
748
354 356
518 519
670
930 931
231
128
726
689
657
297
55 56
883 884
126
762
348
862 863
114
903 904
813
674 675
195
327
288
300
280
767
72 73
608 609
700 701
481
997 1000
286 289
849
12
888
532
492
301
627
981 982
177
371
194
915
325 328
956
973
860
715 716
217
76
314
917 919
429 433
175
399 400
326
401
426
157 158
21 27
103 105
833 834
755
998
565 567
964
830
672
422
779
58 59
159 161
936
324
838 839
875
160
250 251
585
491 493
967
370
810
977
447
136
150
230
108
694
679
527
723
112
474
734
336 337
541
6
922
180
501
50 52
405
589
629 631
65 66
801 802
909
852
976
315
949
711 712
165
678
645
431
775 782
141
945
879
666 667
174 176
820
707
437
509
461
78
454
652 654
390
741 745
510
542
681
369 372
520
463
517
404 406
561
46
227 228
595
615
533
252
594
578 579
391 393
248
522 523
146
691
653
892 893
554 559
576
669 671
304
983 985
840
948 950
322 323
953 954
53 54
999
571
260 263
451
622
413
478
132 134
185
735
870
292 296
152 153
928 929
497 499
361
934
101
338 339
285
702 704
262
990
375
282
74
395 396
34
850
261
901
551
432
603
513 514
650
616 618
705
768
628
943
987
845
858 859
555
582 583
754 759
448 450
923
353
111
119 120
596 599
122
719
482 483
480
656
988
213
796 797
373 374
264 265
821
417
952
717 718
4
643
343
687 690
162 163
278
529 530
198
468
486
708
358
1 3
727 732
607
442
926
41 45
560
221
539
806 807
508
544 545
347
516
841 842
317
212
835 836
695
69 70
199 200
383 384
155
540
49
558
460 462
190
427 428
800
366 367
210
776
302
87 89
937
986 989
646
465 466
475 476
414 415
959 961
624
772
557
233
473
847 848
798 799
169 170
441
44
24
780
592
642
639
824
402 403
220
885 886
43
979
494
458
526 528
854 857
193
676 677
226
275
457
868
867 869
785
826 829
887
430
154 156
407
5
500
223
731
188
698 699
878
124 125
267 270
783 784
362
412
346 351
268
182
106 109
725
756
641
20
232 235
547
121
647
925
566
991 992
994 996
382
330
340 342
306
955
130 131
299
7 9
255
891
963
740
489
864
240
63
932
737
769
648
149
42
832
724
593
706 710
397
172 173
241
816
831
471 472
57
293
309
563 564
192 196
97 98
320
747
742
968 969
685 686
207 208
378
215 216
313
714
206
752 753
575
295
344 345
388
115 116
269
766 770
905 910
534
218
920 921
777
410 411
61
113
381
127 129
550
201 205
187
75
668
673
316
872 873
580 581
846
244 245
907
556
638 644
938 941
771 774
2
363
562
79
773
17
587 588
606
350
822
664
117 118
851
189 191
142
765
757
82
632 633
357
253 254
927
808
266
617
658 660
636 637
257 258
443
570
680
924
8
352
365
16 19
204
749
29
812
792
23
911 912
703
171
355
661 662
104
621 623
274 281
602 604
552
246
814 815
88
368
720
453 455
733
894
